LEN=808 POS=769
DA 09 00 07 01 0C 00 62 72 61 73 73 20 68 65 6C 6D 65 74 1A 0D 00 00 00 00 06 05 00 41 72 6D 6F 72 01 00 33 04 00 54 69 65 72 01 00 30 06 00 57 65 69 67 68 74 08 00 32 37 2E 30 30 20 6F 7A 09 00 54 72 61 64 65 61 62 6C 65 03 00 79 65 73 0D 00 42 6F 64 79 20 50 6F 73 69 74 69 6F 6E 04 00 68 65 61 64 0E 00 43 6C 61 73 73 69 66 69 63 61 74 69 6F 6E 01 00 31 02 05 00 73 63 61 72 66 F4 0D 00 00 00 04 05 00 41 72 6D 6F 72 01 00 31 06 00 57 65 69 67 68 74 07 00 32 2E 30 30 20 6F 7A 09 00 54 72 61 64 65 61 62 6C 65 03 00 79 65 73 0D 00 42 6F 64 79 20 50 6F 73 69 74 69 6F 6E 04 00 6E 65 63 6B 03 03 00 62 61 67 25 0B 09 00 00 00 80 00 00 00 80 00 00 00 04 08 00 43 61 70 61 63 69 74 79 01 00 38 0C 00 54 6F 74 61 6C 20 57 65 69 67 68 74 07 00 38 2E 30 30 20 6F 7A 09 00 54 72 61 64 65 61 62 6C 65 03 00 79 65 73 0D 00 42 6F 64 79 20 50 6F 73 69 74 69 6F 6E 09 00 63 6F 6E 74 61 69 6E 65 72 05 0E 00 64 77 61 72 76 65 6E 20 73 68 69 65 6C 64 61 0D 00 00 00 04 07 00 44 65 66 65 6E 63 65 02 00 32 36 06 00 57 65 69 67 68 74 08 00 35 35 2E 30 30 20 6F 7A 09 00 54 72 61 64 65 61 62 6C 65 03 00 79 65 73 0D 00 42 6F 64 79 20 50 6F 73 69 74 69 6F 6E 0B 00 73 68 69 65 6C 64 20 68 61 6E 64 07 0A 00 62 72 61 73 73 20 6C 65 67 73 2C 0D 00 00 00 00 06 05 00 41 72 6D 6F 72 01 00 35 04 00 54 69 65 72 01 00 30 06 00 57 65 69 67 68 74 08 00 33 38 2E 30 30 20 6F 7A 09 00 54 72 61 64 65 61 62 6C 65 03 00 79 65 73 0D 00 42 6F 64 79 20 50 6F 73 69 74 69 6F 6E 04 00 6C 65 67 73 0E 00 43 6C 61 73 73 69 66 69 63 61 74 69 6F 6E 01 00 31 08 0D 00 6C 65 61 74 68 65 72 20 62 6F 6F 74 73 E0 0D 00 00 00 00 07 05 00 41 72 6D 6F 72 01 00 31 04 00 54 69 65 72 01 00 30 10 00 49 6D 62 75 65 6D 65 6E 74 20 53 6C 6F 74 20 31 05 00 65 6D 70 74 79 06 00 57 65 69 67 68 74 07 00 39 2E 30 30 20 6F 7A 09 00 54 72 61 64 65 61 62 6C 65 03 00 79 65 73 0D 00 42 6F 64 79 20 50 6F 73 69 74 69 6F 6E 04 00 66 65 65 74 0E 00 43 6C 61 73 73 69 66 69 63 61 74 69 6F 6E 01 00 31 0B 10 00 79 6F 75 72 20 73 74 6F 72 65 20 69 6E 62 6F 78 64 5B 00 00 00 00 03 08 00 43 61 70 61 63 69 74 79 02 00 33 32 09 00 54 72 61 64 65 61 62 6C 65 03 00 79 65 73 0D 00 42 6F 64 79 20 50 6F 73 69 74 69 6F 6E 0B 00 77 65 61 70 6F 6E 20 68 61 6E 64 0D 00 4B 6E 69 67 68 74 20 53 61 6D 70 6C 65 83 00 5F 71 27 73 00 00 00 00 00 00 00 00 00 03 05 00 4C 65 76 65 6C 03 00 31 39 32 08 00 56 6F 63 61 74 69 6F 6E 06 00 4B 6E 69 67 68 74 06 00 4F 75 74 66 69 74 06 
TAIL 00 4B 6E 69 67 68 74 00 00 00 00 00 00 00 00 00 00 00 00 00 00 00 00 00 00 00 00 00 00 00 00 00

LEN=840 POS=769
DA 09 00 07 01 0C 00 62 72 61 73 73 20 68 65 6C 6D 65 74 1A 0D 00 00 00 00 06 05 00 41 72 6D 6F 72 01 00 33 04 00 54 69 65 72 01 00 30 06 00 57 65 69 67 68 74 08 00 32 37 2E 30 30 20 6F 7A 09 00 54 72 61 64 65 61 62 6C 65 03 00 79 65 73 0D 00 42 6F 64 79 20 50 6F 73 69 74 69 6F 6E 04 00 68 65 61 64 0E 00 43 6C 61 73 73 69 66 69 63 61 74 69 6F 6E 01 00 31 02 05 00 73 63 61 72 66 F4 0D 00 00 00 04 05 00 41 72 6D 6F 72 01 00 31 06 00 57 65 69 67 68 74 07 00 32 2E 30 30 20 6F 7A 09 00 54 72 61 64 65 61 62 6C 65 03 00 79 65 73 0D 00 42 6F 64 79 20 50 6F 73 69 74 69 6F 6E 04 00 6E 65 63 6B 03 03 00 62 61 67 25 0B 09 00 00 00 80 00 00 00 80 00 00 00 04 08 00 43 61 70 61 63 69 74 79 01 00 38 0C 00 54 6F 74 61 6C 20 57 65 69 67 68 74 07 00 38 2E 30 30 20 6F 7A 09 00 54 72 61 64 65 61 62 6C 65 03 00 79 65 73 0D 00 42 6F 64 79 20 50 6F 73 69 74 69 6F 6E 09 00 63 6F 6E 74 61 69 6E 65 72 05 0E 00 64 77 61 72 76 65 6E 20 73 68 69 65 6C 64 61 0D 00 00 00 04 07 00 44 65 66 65 6E 63 65 02 00 32 36 06 00 57 65 69 67 68 74 08 00 35 35 2E 30 30 20 6F 7A 09 00 54 72 61 64 65 61 62 6C 65 03 00 79 65 73 0D 00 42 6F 64 79 20 50 6F 73 69 74 69 6F 6E 0B 00 73 68 69 65 6C 64 20 68 61 6E 64 07 0A 00 62 72 61 73 73 20 6C 65 67 73 2C 0D 00 00 00 00 06 05 00 41 72 6D 6F 72 01 00 35 04 00 54 69 65 72 01 00 30 06 00 57 65 69 67 68 74 08 00 33 38 2E 30 30 20 6F 7A 09 00 54 72 61 64 65 61 62 6C 65 03 00 79 65 73 0D 00 42 6F 64 79 20 50 6F 73 69 74 69 6F 6E 04 00 6C 65 67 73 0E 00 43 6C 61 73 73 69 66 69 63 61 74 69 6F 6E 01 00 31 08 0D 00 6C 65 61 74 68 65 72 20 62 6F 6F 74 73 E0 0D 00 00 00 00 07 05 00 41 72 6D 6F 72 01 00 31 04 00 54 69 65 72 01 00 30 10 00 49 6D 62 75 65 6D 65 6E 74 20 53 6C 6F 74 20 31 05 00 65 6D 70 74 79 06 00 57 65 69 67 68 74 07 00 39 2E 30 30 20 6F 7A 09 00 54 72 61 64 65 61 62 6C 65 03 00 79 65 73 0D 00 42 6F 64 79 20 50 6F 73 69 74 69 6F 6E 04 00 66 65 65 74 0E 00 43 6C 61 73 73 69 66 69 63 61 74 69 6F 6E 01 00 31 0B 10 00 79 6F 75 72 20 73 74 6F 72 65 20 69 6E 62 6F 78 64 5B 00 00 00 00 03 08 00 43 61 70 61 63 69 74 79 02 00 33 32 09 00 54 72 61 64 65 61 62 6C 65 03 00 79 65 73 0D 00 42 6F 64 79 20 50 6F 73 69 74 69 6F 6E 0B 00 77 65 61 70 6F 6E 20 68 61 6E 64 0D 00 4B 6E 69 67 68 74 20 53 61 6D 70 6C 65 83 00 5F 71 27 73 00 00 00 00 00 00 00 00 00 04 0F 00 43 68 61 72 61 63 74 65 72 20 54 69 74 6C 65 0D 00 41 70 65 78 20 50 72 65 64 61 74 6F 72 05 00 4C 65 76 65 6C 03 00 31 39 32 08 00 56 6F 63 61 74 69 6F 6E 06 00 4B 6E 69 67 68 74 06 00 4F 75 74 66 69 74 06 
TAIL 00 4B 6E 69 67 68 74 00 00 00 00 00 00 00 00 00 00 00 00 00 00 00 00 00 00 00 00 00 00 00 00 00

LEN=840 POS=769
DA 09 00 07 01 0C 00 62 72 61 73 73 20 68 65 6C 6D 65 74 1A 0D 00 00 00 00 06 05 00 41 72 6D 6F 72 01 00 33 04 00 54 69 65 72 01 00 30 06 00 57 65 69 67 68 74 08 00 32 37 2E 30 30 20 6F 7A 09 00 54 72 61 64 65 61 62 6C 65 03 00 79 65 73 0D 00 42 6F 64 79 20 50 6F 73 69 74 69 6F 6E 04 00 68 65 61 64 0E 00 43 6C 61 73 73 69 66 69 63 61 74 69 6F 6E 01 00 31 02 05 00 73 63 61 72 66 F4 0D 00 00 00 04 05 00 41 72 6D 6F 72 01 00 31 06 00 57 65 69 67 68 74 07 00 32 2E 30 30 20 6F 7A 09 00 54 72 61 64 65 61 62 6C 65 03 00 79 65 73 0D 00 42 6F 64 79 20 50 6F 73 69 74 69 6F 6E 04 00 6E 65 63 6B 03 03 00 62 61 67 25 0B 09 00 00 00 80 00 00 00 80 00 00 00 04 08 00 43 61 70 61 63 69 74 79 01 00 38 0C 00 54 6F 74 61 6C 20 57 65 69 67 68 74 07 00 38 2E 30 30 20 6F 7A 09 00 54 72 61 64 65 61 62 6C 65 03 00 79 65 73 0D 00 42 6F 64 79 20 50 6F 73 69 74 69 6F 6E 09 00 63 6F 6E 74 61 69 6E 65 72 05 0E 00 64 77 61 72 76 65 6E 20 73 68 69 65 6C 64 61 0D 00 00 00 04 07 00 44 65 66 65 6E 63 65 02 00 32 36 06 00 57 65 69 67 68 74 08 00 35 35 2E 30 30 20 6F 7A 09 00 54 72 61 64 65 61 62 6C 65 03 00 79 65 73 0D 00 42 6F 64 79 20 50 6F 73 69 74 69 6F 6E 0B 00 73 68 69 65 6C 64 20 68 61 6E 64 07 0A 00 62 72 61 73 73 20 6C 65 67 73 2C 0D 00 00 00 00 06 05 00 41 72 6D 6F 72 01 00 35 04 00 54 69 65 72 01 00 30 06 00 57 65 69 67 68 74 08 00 33 38 2E 30 30 20 6F 7A 09 00 54 72 61 64 65 61 62 6C 65 03 00 79 65 73 0D 00 42 6F 64 79 20 50 6F 73 69 74 69 6F 6E 04 00 6C 65 67 73 0E 00 43 6C 61 73 73 69 66 69 63 61 74 69 6F 6E 01 00 31 08 0D 00 6C 65 61 74 68 65 72 20 62 6F 6F 74 73 E0 0D 00 00 00 00 07 05 00 41 72 6D 6F 72 01 00 31 04 00 54 69 65 72 01 00 30 10 00 49 6D 62 75 65 6D 65 6E 74 20 53 6C 6F 74 20 31 05 00 65 6D 70 74 79 06 00 57 65 69 67 68 74 07 00 39 2E 30 30 20 6F 7A 09 00 54 72 61 64 65 61 62 6C 65 03 00 79 65 73 0D 00 42 6F 64 79 20 50 6F 73 69 74 69 6F 6E 04 00 66 65 65 74 0E 00 43 6C 61 73 73 69 66 69 63 61 74 69 6F 6E 01 00 31 0B 10 00 79 6F 75 72 20 73 74 6F 72 65 20 69 6E 62 6F 78 64 5B 00 00 00 00 03 08 00 43 61 70 61 63 69 74 79 02 00 33 32 09 00 54 72 61 64 65 61 62 6C 65 03 00 79 65 73 0D 00 42 6F 64 79 20 50 6F 73 69 74 69 6F 6E 0B 00 77 65 61 70 6F 6E 20 68 61 6E 64 0D 00 4B 6E 69 67 68 74 20 53 61 6D 70 6C 65 83 00 5F 71 27 73 00 00 00 00 00 00 00 00 00 04 0F 00 43 68 61 72 61 63 74 65 72 20 54 69 74 6C 65 0D 00 41 70 65 78 20 50 72 65 64 61 74 6F 72 05 00 4C 65 76 65 6C 03 00 31 39 32 08 00 56 6F 63 61 74 69 6F 6E 06 00 4B 6E 69 67 68 74 06 00 4F 75 74 66 69 74 06 
TAIL 00 4B 6E 69 67 68 74 00 00 00 00 00 00 00 00 00 00 00 00 00 00 00 00 00 00 00 00 00 00 00 00 00

LEN=1513 POS=1478
DA 09 00 09 01 08 00 6D 61 67 65 20 68 61 74 38 1F 00 00 00 00 09 05 00 41 72 6D 6F 72 01 00 33 04 00 54 69 65 72 01 00 30 10 00 49 6D 62 75 65 6D 65 6E 74 20 53 6C 6F 74 20 31 05 00 65 6D 70 74 79 10 00 49 6D 62 75 65 6D 65 6E 74 20 53 6C 6F 74 20 32 05 00 65 6D 70 74 79 06 00 57 65 69 67 68 74 07 00 39 2E 30 30 20 6F 7A 0B 00 50 72 6F 66 65 73 73 69 6F 6E 73 14 00 73 6F 72 63 65 72 65 72 73 20 61 6E 64 20 64 72 75 69 64 73 09 00 54 72 61 64 65 61 62 6C 65 03 00 79 65 73 0D 00 42 6F 64 79 20 50 6F 73 69 74 69 6F 6E 04 00 68 65 61 64 0E 00 43 6C 61 73 73 69 66 69 63 61 74 69 6F 6E 01 00 31 02 05 00 73 63 61 72 66 F4 0D 00 00 00 04 05 00 41 72 6D 6F 72 01 00 31 06 00 57 65 69 67 68 74 07 00 32 2E 30 30 20 6F 7A 09 00 54 72 61 64 65 61 62 6C 65 03 00 79 65 73 0D 00 42 6F 64 79 20 50 6F 73 69 74 69 6F 6E 04 00 6E 65 63 6B 03 08 00 62 61 63 6B 70 61 63 6B 26 0B 09 00 00 00 80 00 00 00 80 00 00 00 05 08 00 43 61 70 61 63 69 74 79 02 00 32 30 10 00 49 6D 62 75 65 6D 65 6E 74 20 53 6C 6F 74 20 31 05 00 65 6D 70 74 79 0C 00 54 6F 74 61 6C 20 57 65 69 67 68 74 08 00 37 38 2E 30 30 20 6F 7A 09 00 54 72 61 64 65 61 62 6C 65 03 00 79 65 73 0D 00 42 6F 64 79 20 50 6F 73 69 74 69 6F 6E 09 00 63 6F 6E 74 61 69 6E 65 72 04 0F 00 6D 61 67 69 63 69 61 6E 27 73 20 72 6F 62 65 37 1F 00 00 00 00 08 0B 00 44 65 73 63 72 69 70 74 69 6F 6E 2B 00 54 68 69 73 20 72 6F 62 65 20 66 65 65 6C 73 20 73 6F 66 74 20 61 6E 64 20 6C 69 67 68 74 20 61 73 20 61 20 66 65 61 74 68 65 72 05 00 41 72 6D 6F 72 01 00 36 04 00 54 69 65 72 01 00 30 06 00 57 65 69 67 68 74 08 00 32 35 2E 30 30 20 6F 7A 0B 00 50 72 6F 66 65 73 73 69 6F 6E 73 14 00 73 6F 72 63 65 72 65 72 73 20 61 6E 64 20 64 72 75 69 64 73 09 00 54 72 61 64 65 61 62 6C 65 03 00 79 65 73 0D 00 42 6F 64 79 20 50 6F 73 69 74 69 6F 6E 04 00 62 6F 64 79 0E 00 43 6C 61 73 73 69 66 69 63 61 74 69 6F 6E 01 00 31 05 09 00 73 70 65 6C 6C 62 6F 6F 6B F3 0B 00 00 00 07 0B 00 44 65 73 63 72 69 70 74 69 6F 6E 42 00 49 74 20 73 68 6F 77 73 20 79 6F 75 72 20 73 70 65 6C 6C 73 20 61 6E 64 20 63 61 6E 20 61 6C 73 6F 20 73 68 69 65 6C 64 20 61 67 61 69 6E 73 74 20 61 74 74 61 63 6B 73 20 77 68 65 6E 20 77 6F 72 6E 07 00 44 65 66 65 6E 63 65 02 00 31 34 10 00 49 6D 62 75 65 6D 65 6E 74 20 53 6C 6F 74 20 31 05 00 65 6D 70 74 79 06 00 57 65 69 67 68 74 08 00 31 38 2E 30 30 20 6F 7A 0B 00 50 72 6F 66 65 73 73 69 6F 6E 73 14 00 73 6F 72 63 65 72 65 72 73 20 61 6E 64 20 64 72 75 69 64 73 09 00 54 72 61 64 65 61 62 6C 65 03 00 79 65 73 0D 00 42 6F 64 79 20 50 6F 73 69 74 69 6F 6E 0B 00 73 68 69 65 6C 64 20 68 61 6E 64 06 0D 00 73 6E 61 6B 65 62 69 74 65 20 72 6F 64 FA 0B 00 00 00 00 09 0B 00 44 65 73 63 72 69 70 74 69 6F 6E 3E 00 49 74 20 73 65 65 6D 73 20 74 6F 20 74 77 69 74 63 68 20 61 6E 64 20 71 75 69 76 65 72 20 61 73 20 69 66 20 74 72 79 69 6E 67 20 74 6F 20 65 73 63 61 70 65 20 79 6F 75 72 20 67 72 69 70 04 00 54 69 65 72 01 00 30 06 00 57 65 69 67 68 74 08 00 31 39 2E 30 30 20 6F 7A 0E 00 52 65 71 75 69 72 65 64 20 4C 65 76 65 6C 01 00 36 0B 00 50 72 6F 66 65 73 73 69 6F 6E 73 06 00 64 72 75 69 64 73 09 00 54 72 61 64 65 61 62 6C 65 03 00 79 65 73 0B 00 57 65 61 70 6F 6E 20 54 79 70 65 04 00 77 61 6E 64 0D 00 42 6F 64 79 20 50 6F 73 69 74 69 6F 6E 0B 00 77 65 61 70 6F 6E 20 68 61 6E 64 0E 00 43 6C 61 73 73 69 66 69 63 61 74 69 6F 6E 01 00 31 07 0C 00 73 74 75 64 64 65 64 20 6C 65 67 73 22 0D 00 00 00 00 06 05 00 41 72 6D 6F 72 01 00 32 04 00 54 69 65 72 01 00 30 06 00 57 65 69 67 68 74 08 00 32 36 2E 30 30 20 6F 7A 09 00 54 72 61 64 65 61 62 6C 65 03 00 79 65 73 0D 00 42 6F 64 79 20 50 6F 73 69 74 69 6F 6E 04 00 6C 65 67 73 0E 00 43 6C 61 73 73 69 66 69 63 61 74 69 6F 6E 01 00 31 08 0D 00 6C 65 61 74 68 65 72 20 62 6F 6F 74 73 E0 0D 00 00 00 00 07 05 00 41 72 6D 6F 72 01 00 31 04 00 54 69 65 72 01 00 30 10 00 49 6D 62 75 65 6D 65 6E 74 20 53 6C 6F 74 20 31 05 00 65 6D 70 74 79 06 00 57 65 69 67 68 74 07 00 39 2E 30 30 20 6F 7A 09 00 54 72 61 64 65 61 62 6C 65 03 00 79 65 73 0D 00 42 6F 64 79 20 50 6F 73 69 74 69 6F 6E 04 00 66 65 65 74 0E 00 43 6C 61 73 73 69 66 69 63 61 74 69 6F 6E 01 00 31 0B 10 00 79 6F 75 72 20 73 74 6F 72 65 20 69 6E 62 6F 78 64 5B 00 00 00 00 03 08 00 43 61 70 61 63 69 74 79 02 00 33 32 09 00 54 72 61 64 65 61 62 6C 65 03 00 79 65 73 0D 00 42 6F 64 79 20 50 6F 73 69 74 69 6F 6E 0B 00 77 65 61 70 6F 6E 20 68 61 6E 64 0C 00 44 72 75 69 64 20 53 61 6D 70 6C 65 90 00 5F 71 27 73 00 00 00 00 00 00 00 00 00 03 05 00 4C 65 76 65 6C 01 00 38 08 00 56 6F 63 61 74 69 6F 6E 05 00 44 72 75 69 64 06 00 4F 75 74 66 69 74 
TAIL 05 00 44 72 75 69 64 00 00 00 00 00 00 00 00 00 00 00 00 00 00 00 00 00 00 00 00 00 00 00 00 00

